0.042682   NaN
0.052682   NaN
0.062682   NaN
0.072682   NaN
0.082682   NaN
0.092682   NaN
0.102682   NaN
0.112682   NaN
0.122682   NaN
0.132682   NaN
0.142682   NaN
0.152682   NaN
0.162682   NaN
0.172682   NaN
0.182682   NaN
0.192682   110.838390
0.202682   109.642097
0.212682   108.386189
0.222682   107.164535
0.232682   NaN
0.242682   NaN
0.252682   NaN
0.262682   NaN
0.272682   NaN
0.282682   NaN
0.292682   NaN
0.302682   NaN
0.312682   NaN
0.322682   NaN
0.332682   NaN
0.342682   NaN
0.352682   NaN
0.362682   120.600912
0.372682   125.118578
0.382682   127.831526
0.392682   133.789264
0.402682   142.843018
0.412682   152.557580
0.422682   160.275386
0.432682   166.244594
0.442682   170.413412
0.452682   176.939798
0.462682   180.638700
0.472682   187.348341
0.482682   195.648255
0.492682   195.979736
0.502682   NaN
0.512682   NaN
0.522682   NaN
0.532682   NaN
0.542682   NaN
0.552682   NaN
0.562682   NaN
0.572682   NaN
0.582682   NaN
0.592682   NaN
0.602682   NaN
0.612682   NaN
0.622682   NaN
0.632682   NaN
0.642682   NaN
0.652682   NaN
0.662682   NaN
0.672682   NaN
0.682682   NaN
0.692682   NaN
0.702682   NaN
0.712682   NaN
0.722682   155.408083
0.732682   155.627834
0.742682   155.308582
0.752682   155.288281
0.762682   151.448428
0.772682   151.581206
0.782682   150.672154
0.792682   150.831789
0.802682   144.685035
0.812682   141.763324
0.822682   141.288222
0.832682   140.966853
0.842682   139.612600
0.852682   139.094253
0.862682   137.880674
0.872682   135.434755
0.882682   133.606296
0.892682   132.381061
0.902682   128.471752
0.912682   123.935932
0.922682   122.965340
0.932682   119.103818
0.942682   118.992757
0.952682   119.275759
0.962682   121.925103
0.972682   121.022218
0.982682   120.575417
0.992682   119.950921
1.002682   120.098105
1.012682   121.206045
1.022682   NaN
1.032682   NaN
1.042682   NaN
1.052682   NaN
1.062682   NaN
1.072682   NaN
1.082682   NaN
1.092682   NaN
1.102682   NaN
1.112682   NaN
1.122682   NaN
1.132682   NaN
1.142682   NaN
1.152682   NaN
1.162682   NaN
1.172682   NaN
1.182682   NaN
1.192682   NaN
1.202682   NaN
1.212682   NaN
1.222682   NaN
1.232682   NaN
1.242682   NaN
1.252682   131.189644
1.262682   131.208416
1.272682   133.152615
1.282682   134.061145
1.292682   132.778904
1.302682   132.151693
1.312682   129.448780
1.322682   128.612305
1.332682   124.090890
1.342682   120.711176
1.352682   119.455618
1.362682   115.403776
1.372682   113.070422
1.382682   109.781396
1.392682   103.901831
1.402682   102.650898
1.412682   NaN
1.422682   NaN
1.432682   NaN
1.442682   NaN
1.452682   NaN
1.462682   NaN
1.472682   NaN
1.482682   NaN
1.492682   NaN
1.502682   NaN
1.512682   NaN
1.522682   NaN
1.532682   NaN
1.542682   NaN
1.552682   NaN
1.562682   NaN
1.572682   NaN
1.582682   NaN
1.592682   NaN
1.602682   NaN
1.612682   NaN
1.622682   NaN
1.632682   NaN
1.642682   NaN
1.652682   NaN
1.662682   NaN
1.672682   NaN
1.682682   NaN
1.692682   NaN
1.702682   NaN
1.712682   NaN
1.722682   NaN
1.732682   NaN
1.742682   NaN
1.752682   NaN
1.762682   NaN
1.772682   NaN
1.782682   NaN
1.792682   NaN
1.802682   NaN
1.812682   NaN
1.822682   NaN
1.832682   NaN
1.842682   NaN
1.852682   NaN
1.862682   111.535489
1.872682   115.828314
1.882682   114.359898
1.892682   114.386433
1.902682   112.169034
1.912682   112.472089
1.922682   114.984535
1.932682   117.819737
1.942682   119.145910
1.952682   119.531700
1.962682   120.012513
1.972682   122.689978
1.982682   123.115076
1.992682   125.990998
2.002682   126.578443
2.012682   126.077386
2.022682   126.134210
2.032682   126.073915
2.042682   126.227328
2.052682   126.378130
2.062682   NaN
2.072682   NaN
2.082682   NaN
2.092682   NaN
2.102682   NaN
2.112682   NaN
2.122682   NaN
2.132682   NaN
2.142682   NaN
2.152682   NaN
2.162682   NaN
2.172682   NaN
2.182682   NaN
2.192682   NaN
2.202682   NaN
2.212682   NaN
2.222682   NaN
2.232682   NaN
2.242682   NaN
2.252682   NaN
2.262682   NaN
2.272682   NaN
2.282682   NaN
2.292682   NaN
2.302682   NaN
2.312682   NaN
2.322682   NaN
2.332682   NaN
2.342682   NaN
2.352682   NaN
2.362682   NaN
2.372682   NaN
2.382682   NaN
2.392682   NaN
2.402682   NaN
2.412682   NaN
2.422682   NaN
2.432682   NaN
2.442682   NaN
2.452682   NaN
2.462682   NaN
2.472682   NaN
2.482682   NaN
2.492682   NaN
2.502682   NaN
2.512682   NaN
2.522682   NaN
2.532682   NaN
2.542682   NaN
2.552682   NaN
2.562682   NaN
2.572682   NaN
2.582682   NaN
2.592682   NaN
2.602682   NaN
2.612682   NaN
2.622682   NaN
2.632682   NaN
2.642682   NaN
2.652682   NaN
2.662682   NaN
2.672682   NaN
2.682682   NaN
2.692682   NaN
2.702682   NaN
2.712682   NaN
2.722682   NaN
2.732682   NaN
2.742682   NaN
2.752682   NaN
2.762682   NaN
2.772682   NaN
2.782682   NaN
2.792682   NaN
2.802682   NaN
2.812682   NaN
2.822682   NaN
2.832682   NaN
2.842682   NaN
2.852682   NaN
2.862682   NaN
2.872682   NaN
2.882682   NaN
