0.042682   NaN
0.052682   NaN
0.062682   NaN
0.072682   NaN
0.082682   NaN
0.092682   NaN
0.102682   NaN
0.112682   NaN
0.122682   NaN
0.132682   NaN
0.142682   NaN
0.152682   106.523241
0.162682   104.309153
0.172682   105.564316
0.182682   108.553755
0.192682   109.919484
0.202682   110.429402
0.212682   109.082101
0.222682   104.818899
0.232682   101.928519
0.242682   95.094212
0.252682   88.549512
0.262682   86.227572
0.272682   85.079982
0.282682   86.401589
0.292682   94.434246
0.302682   102.036873
0.312682   100.226857
0.322682   100.405290
0.332682   NaN
0.342682   NaN
0.352682   NaN
0.362682   121.084136
0.372682   124.968362
0.382682   128.326551
0.392682   133.964632
0.402682   142.133791
0.412682   152.261630
0.422682   160.861581
0.432682   166.697520
0.442682   170.747909
0.452682   176.325607
0.462682   182.317498
0.472682   187.297939
0.482682   194.019899
0.492682   202.052694
0.502682   185.400337
0.512682   183.834138
0.522682   NaN
0.532682   NaN
0.542682   NaN
0.552682   NaN
0.562682   NaN
0.572682   NaN
0.582682   NaN
0.592682   NaN
0.602682   NaN
0.612682   NaN
0.622682   NaN
0.632682   NaN
0.642682   NaN
0.652682   NaN
0.662682   NaN
0.672682   NaN
0.682682   NaN
0.692682   NaN
0.702682   NaN
0.712682   167.732932
0.722682   161.641750
0.732682   157.971080
0.742682   155.386459
0.752682   155.728250
0.762682   153.815189
0.772682   152.408136
0.782682   150.998888
0.792682   149.378063
0.802682   147.659904
0.812682   145.921240
0.822682   146.821998
0.832682   141.200307
0.842682   139.945511
0.852682   139.332413
0.862682   137.566805
0.872682   135.312133
0.882682   133.502195
0.892682   131.027362
0.902682   128.210767
0.912682   124.930118
0.922682   122.580178
0.932682   120.818761
0.942682   120.233208
0.952682   120.200999
0.962682   120.034191
0.972682   119.774055
0.982682   119.801936
0.992682   120.467342
1.002682   121.299243
1.012682   120.572224
1.022682   118.680552
1.032682   119.317802
1.042682   NaN
1.052682   NaN
1.062682   NaN
1.072682   NaN
1.082682   NaN
1.092682   NaN
1.102682   NaN
1.112682   NaN
1.122682   NaN
1.132682   NaN
1.142682   NaN
1.152682   NaN
1.162682   NaN
1.172682   NaN
1.182682   NaN
1.192682   NaN
1.202682   NaN
1.212682   NaN
1.222682   117.540320
1.232682   123.848361
1.242682   126.495438
1.252682   128.614165
1.262682   131.946998
1.272682   133.738624
1.282682   132.843767
1.292682   132.567436
1.302682   131.628066
1.312682   129.858619
1.322682   127.664555
1.332682   124.235962
1.342682   121.334814
1.352682   119.000695
1.362682   115.887335
1.372682   112.721147
1.382682   110.176361
1.392682   106.814919
1.402682   101.841301
1.412682   99.124625
1.422682   95.533813
1.432682   86.631300
1.442682   87.156148
1.452682   87.972327
1.462682   98.499075
1.472682   96.549531
1.482682   96.586934
1.492682   95.632470
1.502682   96.598170
1.512682   97.312891
1.522682   97.450529
1.532682   97.129507
1.542682   97.143705
1.552682   94.486461
1.562682   96.485108
1.572682   96.179013
1.582682   95.634446
1.592682   94.521896
1.602682   94.068797
1.612682   93.239575
1.622682   94.151647
1.632682   94.309836
1.642682   94.837895
1.652682   95.654123
1.662682   96.108400
1.672682   96.411972
1.682682   97.036353
1.692682   94.883583
1.702682   94.523774
1.712682   NaN
1.722682   NaN
1.732682   NaN
1.742682   NaN
1.752682   NaN
1.762682   NaN
1.772682   NaN
1.782682   NaN
1.792682   NaN
1.802682   NaN
1.812682   NaN
1.822682   NaN
1.832682   NaN
1.842682   NaN
1.852682   NaN
1.862682   112.514247
1.872682   115.186903
1.882682   116.069629
1.892682   113.021164
1.902682   112.321216
1.912682   113.137317
1.922682   114.576235
1.932682   116.229200
1.942682   117.444267
1.952682   118.629298
1.962682   119.956182
1.972682   122.199305
1.982682   123.889887
1.992682   125.115740
2.002682   125.746424
2.012682   126.086701
2.022682   126.295751
2.032682   126.414741
2.042682   126.112471
2.052682   123.499836
2.062682   118.832464
2.072682   114.023186
2.082682   115.253697
2.092682   NaN
2.102682   NaN
2.112682   NaN
2.122682   NaN
2.132682   NaN
2.142682   NaN
2.152682   NaN
2.162682   NaN
2.172682   NaN
2.182682   NaN
2.192682   NaN
2.202682   NaN
2.212682   NaN
2.222682   NaN
2.232682   NaN
2.242682   NaN
2.252682   NaN
2.262682   NaN
2.272682   NaN
2.282682   NaN
2.292682   126.616233
2.302682   117.408516
2.312682   112.827720
2.322682   108.927477
2.332682   105.594186
2.342682   101.036991
2.352682   100.926804
2.362682   100.720304
2.372682   100.479358
2.382682   99.742376
2.392682   98.896565
2.402682   95.658346
2.412682   91.620133
2.422682   88.398138
2.432682   88.363445
2.442682   84.716773
2.452682   83.180411
2.462682   80.162994
2.472682   79.857881
2.482682   79.467591
2.492682   78.879215
2.502682   77.122304
2.512682   76.928640
2.522682   75.090507
2.532682   74.590310
2.542682   78.951461
2.552682   80.469467
2.562682   80.433146
2.572682   NaN
2.582682   NaN
2.592682   NaN
2.602682   NaN
2.612682   NaN
2.622682   NaN
2.632682   NaN
2.642682   NaN
2.652682   NaN
2.662682   NaN
2.672682   NaN
2.682682   NaN
2.692682   NaN
2.702682   NaN
2.712682   NaN
2.722682   NaN
2.732682   NaN
2.742682   NaN
2.752682   NaN
2.762682   NaN
2.772682   NaN
2.782682   NaN
2.792682   NaN
2.802682   NaN
2.812682   NaN
2.822682   NaN
2.832682   NaN
2.842682   NaN
2.852682   NaN
2.862682   NaN
2.872682   NaN
2.882682   NaN
